country,2020,2021,2022,2023,2024
ABW,0.0,0.0,100.0,0.0,0.0
AFG,21.331355596143347,11.230020070309505,31.498354859157303,24.381088979296266,11.559180495093592
AGO,11.552789065236823,2.486898278133438,21.08706251996654,45.568373570462235,19.304876566200967
AIA,0.0,0.0,25.46164979283424,25.055252884274083,49.483097322891695
ALB,12.484411409687937,0.9580349395098566,22.528286881763897,40.58680229428473,23.442464474753592
AND,8.058646507095265,0.0,18.776580642690867,45.24493739592591,27.919835454287963
ARE,5.41192992900827,0.7164286832588085,24.09217279162665,54.223724534148545,15.555744061957746
ARG,17.709274648267343,0.6068857357183954,15.18389652861336,38.36145203707697,28.13849105032393
ARM,8.671992586147494,0.3797416422540634,12.201925922497637,50.872418173916856,27.87392167518395
ATG,8.598993633541948,0.34906764258578715,24.30550776347307,47.67215253623569,19.074278424163506
AUS,9.817864215830273,0.21728208956353118,20.321669455229465,45.90882447827502,23.734359761101686
AUT,11.361068602304078,0.6795108234262006,20.805409289882693,42.21076442977459,24.94324685461244
AZE,8.292884845574457,1.1017387857326766,16.428271780431718,43.5081746700251,30.668929918236053
BDI,2.743426864301019,8.009093263162335,20.1378193706165,51.83446142541798,17.275199076502158
BEL,9.560622074885734,0.530796318464205,19.300263956815815,44.08810856861095,26.52020908122329
BEN,5.394502411089179,0.6570572042142866,20.496981157628625,49.65361792069529,23.797841306372618
BFA,6.645016578731576,0.9983015323214424,20.48579688764718,43.86660846398376,28.004276537316038
BGD,5.092859679696214,0.7060919753031135,20.734026662641188,54.433295749110414,19.033725933249077
BGR,14.359599638584541,1.5233933921744107,16.277827809981115,38.06920523191632,29.769973927343614
BHR,10.570344469518126,0.47369407151433873,23.1779838230849,46.66308194666121,19.114895689221413
BHS,5.883803070868446,0.0,20.925043060063214,49.56446386908462,23.62668999998372
BIH,11.351193250286961,2.704317298466893,19.900550016877787,39.555650564261086,26.48828887010728
BLR,11.038748938879442,0.10634694347257605,12.155305440442936,46.01411215635171,30.685486520853335
BLZ,7.930406333487268,2.239844851997871,18.689470379364437,50.25951068585436,20.880767749296055
BMU,0.0,0.0,0.0,24.987041061621536,75.01295893837846
BOL,7.283221877165377,0.19484757140364456,16.948113209241917,59.174197750002236,16.399619592186827
BRA,11.674085582424569,0.8527650459353416,19.49276757337269,42.14725102749325,25.833130770774147
BRB,9.11086007530236,2.1658003177780545,22.077782624746824,38.52543886798078,28.12011811419197
BRN,7.439386751371756,0.16330555499100607,15.502624942897555,42.9920036405186,33.902679110221094
BTN,7.903423360014755,0.9956441783185597,19.4244090534422,38.867302507314776,32.80922090090972
BWA,11.058091839138623,1.7827209746375632,24.174854450150114,44.11093000046048,18.87340273561322
CAF,7.872525915034911,15.481801684333288,7.762251170546184,61.44258661353971,7.440834616545912
CAN,10.462416951175243,0.42658946197815467,19.13582995275306,44.00940698825625,25.965756645837278
CHE,10.227213585827313,0.4853732958776306,20.2946739696148,43.83933669657501,25.15340245210525
CHL,15.01606018391615,0.41968641561130443,14.119759874136529,39.40338572571954,31.04110780061648
CHN,9.823116885221046,0.3869252231066464,7.327344479632517,41.44661661453096,41.01599679750883
CIV,9.19016000456235,1.8235090223596606,26.969333464147706,44.22279453584195,17.794202973088353
CMR,10.535621170551067,3.090236476180592,22.996791623582116,42.214374092991406,21.162976636694808
COD,8.158018079355791,3.702234182543909,16.490076151281745,39.55608170919337,32.093589877625185
COG,7.789514142649767,1.0864623968547644,16.971731429680485,56.945898163847374,17.206393866967616
COK,0.0,0.0,0.0,100.0,0.0
COL,7.45265598599361,1.2339770617164,20.031820066832214,45.415069296286056,25.866477589171723
COM,9.430694270818988,4.528723225051009,19.617882957682887,45.20567377888382,21.2170257675633
CPV,13.26123787101351,0.0,27.457986480146023,38.01298770300677,21.267787945833685
CRI,8.572333522802799,4.0423187300821,19.859596103187023,40.59094501450664,26.93480662942143
CUB,11.19260338499857,0.46379927994140274,24.719935407513642,38.96950486257978,24.654157064966604
CYP,8.215578288366244,0.34744992766395183,20.92763210664977,47.04684339513739,23.462496282182645
CZE,18.977808542249488,0.3504673370872072,15.332518760308437,37.742502639821595,27.596702720533273
DEU,9.255511396964291,0.4490766863982405,20.184697464690906,42.549461319704704,27.56125313224185
DJI,9.21012671728492,11.871501559607323,28.002696798294103,32.14528569964618,18.77038922516747
DMA,8.440885133484038,1.4508520455738294,18.091790226356366,44.34490775509302,27.671564839492753
DNK,14.535363510545416,0.7033425811078267,19.58608004211478,39.920411728458085,25.254802137773897
DOM,9.370975666867968,0.14267608632905004,17.946811027756514,55.04347755238813,17.496059666658333
DZA,9.775498028353459,0.7264429077390797,16.743696517366665,52.666761723628895,20.08760082291191
ECU,9.091546393327773,0.35034645125953595,19.854721927997943,44.791119768457044,25.912265458957705
EGY,11.79378561061924,2.154687896616258,23.60392451565302,41.567508534702455,20.88009344240902
ERI,12.649172749143325,2.6765287664558577,21.41575145371538,40.04920143616897,23.209345594516464
ESP,7.231164078823342,0.3643588184466622,23.88458179995172,46.20198734619261,22.317907956585685
EST,17.4900796387194,0.33321172557391104,12.319593022472707,40.04264384949742,29.814471763736567
ETH,9.716913514575928,4.426551440385795,25.195407319846456,38.88120554001768,21.779922185174136
FIN,20.74013514475036,0.6583683248650108,17.148948778655694,36.109943405570924,25.342604346158016
FJI,7.237941421739169,0.18763999981636026,17.361648180802312,49.86438441631615,25.348385981326004
FRA,10.174222339396804,0.5910656069516024,20.883447103824018,42.175712404654526,26.175552545173048
FSM,10.50121068012186,0.0,6.925999630116941,51.707017837005964,30.86577185275524
GAB,5.928165229390133,2.8965093401126696,24.07312587889063,46.40647864004094,20.695720911565623
GBR,9.807676735689515,0.6501681593692274,21.135982831095788,41.6622380929975,26.743934180847983
GEO,10.092939396077957,2.3335830205878776,19.931780027255712,41.48484445377721,26.15685310230125
GHA,7.7620698877504415,3.3650785463671324,19.924350089399358,42.02558287675057,26.922918599732498
GIB,0.0,0.0,50.56650893796003,49.43349106203996,0.0
GIN,11.637978803508005,5.5858359397653,21.157863383866125,40.72106723565555,20.897254637205027
GLP,100.0,0.0,0.0,0.0,0.0
GMB,21.757068029016672,2.3201802432252143,19.56756035970537,36.84561045143701,19.509580916615732
GNB,32.289199284830104,0.0,11.577801571395002,33.96222837855686,22.170770765218034
GNQ,15.333746727016791,19.95307033907029,12.971926869719391,30.074548975339294,21.666707088854224
GRC,9.856242112518807,1.103000780370248,17.39160028027042,44.75787622950057,26.89128059733996
GRD,11.49165960643559,0.7638324250835978,26.110913004728335,43.20198774805723,18.43160721569524
GRL,0.0,0.0,0.0,49.975483079868944,50.024516920131056
GTM,5.800033770289047,0.3730760641171302,14.469413531955691,57.476234106090004,21.88124252754812
GUY,9.339682106982117,0.0,14.278084396555274,46.13894775638327,30.243285740079344
HKG,0.35510601504911116,0.6245955312725664,4.966086992687858,37.34360794739454,56.71060351359593
HND,13.084334337175815,2.1724967708291603,18.73434025215622,42.97026386500767,23.038564774831144
HRV,13.700396542718465,4.702068857939786,17.590914604255122,38.934329282008534,25.0722907130781
HTI,6.4662902058201865,0.4261311676054605,19.382184873821434,37.902198653169236,35.823195099583685
HUN,17.33883825211665,0.4348661515211222,15.447454963761317,37.16578354921963,29.613057083381296
IDN,9.543838912191484,0.2398182762342885,20.683726745327323,43.97251511917777,25.56010094706914
IND,8.80416848605073,0.6273022203992379,20.29403385826179,39.630470665358494,30.64402476992976
IRL,9.36112921075774,0.4893531799462339,21.649717712258823,43.08398535135707,25.415814545680142
IRN,15.890313023894,1.267450944013617,16.74544706410637,39.120210645803,26.97657832218301
IRQ,12.466690003543228,2.1277102184675405,20.939772120740685,40.008781890923984,24.457045766324566
ISL,19.782046355108793,0.28620499893731777,19.69823911700052,39.21475502097672,21.018754507976652
ISR,0.0,0.0,44.420262708341305,12.481499003774989,43.0982382878837
ITA,9.057834756993515,0.5583495097951559,18.972234801310787,46.95416282502455,24.457418106876
JAM,11.470263777938879,0.8372340957015119,17.014993663896107,42.527867567211615,28.149640895251903
JOR,11.153904612484125,1.7673984896095347,22.206522744095743,42.684138538401875,22.188035615408722
JPN,13.172591822078752,0.9136346827558097,17.11604505350312,43.88703617778126,24.91069226388104
KAZ,20.989859852405765,0.631348045465102,9.1758342709868,25.96446632465031,43.238491506492025
KEN,7.992522465899351,1.970061384518863,19.452732873695126,45.92558142544043,24.659101850446234
KGZ,15.416252096687504,0.6773704023021129,15.794301158623261,34.18464168657766,33.92743465580945
KHM,10.217540983466495,0.19591052511169446,23.664245821083274,45.76935047540122,20.152952194937317
KIR,35.256665279811415,34.631049449036354,4.259469907716527,15.934274214755122,9.918541148680578
KNA,5.824874253007001,0.2575677504950855,24.239359167221693,48.64257785364039,21.035620975635837
KOR,13.250986282119765,0.5049803992001253,17.768749932714652,42.067504389855934,26.40777899610952
KWT,7.048562491927422,0.2785351353716619,21.263359756385565,55.57877811193565,15.830764504379715
LAO,12.528464778443368,1.029407415043092,17.518783477922454,43.29615985261766,25.627184475973426
LBN,7.941956492348473,0.9048021297140848,21.39350101837246,43.16128777162652,26.59845258793847
LBR,9.146469934245099,8.23897977485828,29.101336395005582,37.04137929501448,16.471834600876562
LBY,16.62886724539159,5.367450748817829,23.060639620601126,37.84022336393609,17.102819021253378
LCA,7.15230621994195,0.6301243068268993,20.344503416330806,47.267344618451965,24.605721438448384
LIE,10.572419741738756,1.259689569085093,22.09999012618794,40.160125889605226,25.907774673383
LKA,7.5998375524525015,0.6046837792669099,21.763429185062368,47.71279050647828,22.319258976739928
LSO,8.289361821484128,1.1706772280064566,30.11050592888558,35.50707398012413,24.92238104149971
LTU,9.731996981654095,0.4497038020485684,11.365510212919698,39.46027425500199,38.99251474837564
LUX,8.252777566959224,0.5529283259651854,18.695302663159378,45.244728796685315,27.254262647230902
LVA,13.758368077631633,0.7068396435962632,12.635623032147508,41.685729243237795,31.2134400033868
MAC,0.0,0.0,12.29192045165254,62.91082597509099,24.797253573256466
MAR,8.421032864628792,0.43163736117321067,18.197567939741973,47.38910675991524,25.56065507454079
MCO,10.870814740066068,2.9280610824959634,21.24962116870946,32.81924835764236,32.13225465108615
MDA,12.863616180411922,0.27978331736516243,17.81066977245314,40.73150916438138,28.314421565388397
MDG,7.226274187543584,0.14579531204384752,8.485858908832776,54.76487256641087,29.377199025168927
MDV,6.6522179997594115,1.1989080780215835,25.194870427793187,41.24255894078251,25.711444553643314
MEX,7.552820123138757,0.5453116924041375,18.464631998398723,47.12884628802369,26.3083898980347
MHL,8.249841830573475,1.7033758561968277,15.823837647270192,49.907219169407625,24.31572549655188
MKD,9.491404341744193,0.8184855500116429,15.343736642921415,43.53616034756245,30.810213117760295
MLI,10.13561165845031,6.024914715731763,16.30810134441281,47.19203201262677,20.33934026877835
MLT,7.6357715947741465,0.7213031716096094,23.520868388784493,44.92889890561547,23.193157939216277
MMR,10.39298132111238,0.46488500789835546,20.86423195340974,43.32953238120382,24.948369336375713
MNE,14.197478530077106,13.926999744542695,15.30263494914884,33.01059125870385,23.562295517527524
MNG,8.742506302935718,0.11869180171612873,17.671013808866242,42.75972335322505,30.70806473325686
MNP,65.51293772766192,0.0,0.0,34.48706227233808,0.0
MOZ,13.298835207460687,5.580284122808508,21.672856446413054,34.76071082759605,24.687313395721695
MRT,10.404660625598458,5.8966654166873305,29.45018377391192,34.41312614876541,19.83536403503688
MUS,5.8130736122089885,0.34881001802696343,15.533389026947791,54.0745024373405,24.230224905475758
MWI,10.798783706241597,4.8685030611856766,26.633641296506898,38.33956309181976,19.359508844246058
MYT,52.63539228994728,0.0,0.0,47.36460771005272,0.0
NAM,10.800243470935799,3.213439362270371,19.08176123674546,52.45775398410919,14.446801945939166
NCL,0.0,0.0,50.47351915299155,0.0,49.52648084700845
NER,14.445050906993858,2.330423160163285,25.94242958026136,39.289434519378034,17.992661833203467
NGA,14.39741202333936,8.378576206851346,24.738193599245246,34.51039817341165,17.9754199971524
NIC,11.487726606324111,3.3630602626792085,25.731028396339887,33.5677463291334,25.85043840552339
NLD,9.98216262245326,0.5038941114662538,21.34109687659785,45.66373244145635,22.509113948026297
NOR,14.215857187829753,0.8134290331752604,19.79478291534989,39.866202631046,25.3097282325991
NPL,7.637306114121432,0.2531825248368344,39.91012380011329,36.77453173386871,15.424855827059744
NRU,2.998507512817607,0.0,8.87508422296468,76.43807976969434,11.688328494523372
NZL,9.727883401119735,0.2722860276948257,19.475446738158183,46.94600404549783,23.578379787529414
OMN,9.425218138988674,0.5244774395261118,19.431548947404263,48.59415656384996,22.024598910230992
PAK,10.773573317404969,1.4967833439745575,25.046681878425513,44.085456276969666,18.597505183225298
PAN,13.214430811585439,2.2658931024748767,14.702815293720722,44.16575651188969,25.651104280329264
PER,10.74438356340632,0.4608549355480068,18.444956711040938,46.41862934729512,23.931175442709613
PHL,8.650237029775157,0.6927712505783504,20.55228544985726,44.41371321290767,25.69099305688156
PLW,0.0,0.0,26.266656771840285,42.10251549488231,31.63082773327741
PNG,8.376981142208594,0.4927224998963903,18.132525106865938,45.111307480064866,27.886463770964216
POL,13.721555641772884,0.5877887068382037,15.694934903720098,38.85400488003046,31.141715867638364
PRI,0.0,0.0,0.0,0.0,100.0
PRK,88.92513122139091,11.074868778609089,0.0,0.0,0.0
PRT,8.013774152547208,0.5420556122103074,20.811448174421503,43.34210368520353,27.29061837561745
PRY,7.8243010620942215,0.0,15.94093402557234,48.74797531102774,27.486789601305713
PSE,12.51398353149237,2.527538007233008,24.202036635384903,41.93315053387488,18.823291292014837
QAT,4.504553741629551,0.9752130738345244,26.119024666839678,50.22144240104257,18.179766116653678
REU,0.0,0.0,0.0,100.0,0.0
ROU,11.848294873216089,1.277884463814832,17.040369725392836,41.1542704208922,28.679180516684035
RUS,11.896542795920569,0.33862584147351227,14.467549838138776,47.3698401788782,25.927441345588935
RWA,6.783514671432343,5.2393488438289015,20.16159999825179,48.80652440757765,19.009012078909297
SAU,17.086768217212178,0.7883059410578307,25.961686077664876,36.84242664519255,19.320813118872557
SDN,10.647093543736315,2.3330974431896663,24.333453880248374,41.14073779352502,21.54561733930063
SEN,10.466143550405656,2.898808359958902,12.952933817906956,49.37440876986561,24.30770550186288
SGP,8.250461030843324,0.05324713243121422,24.785293073769992,42.922121377271765,23.98887738568371
SHN,0.0,0.0,0.0,49.757175163431235,50.24282483656876
SLB,10.483175844169008,0.45486467696647287,16.209850862600206,44.87676435560758,27.975344260656737
SLE,17.43754258617449,2.9340408207739874,18.583111686409364,39.43371807924825,21.611586827393896
SLV,10.521641201900977,0.3883754753672183,15.861182310928982,48.13266820740205,25.096132804400774
SMR,9.608897494950668,1.2079564278966348,9.800286213022577,45.80601713852818,33.57684272560194
SOM,13.075836146109996,5.7850670552190335,25.983087467522704,37.04135327024125,18.11465606090702
SPM,0.0,0.0,0.0,0.0,100.0
SRB,11.79540585032778,1.144888552072291,15.387165921754297,37.68666595897599,33.985873716869634
SSD,6.5655683509322,4.094164770607536,27.405287135519014,39.657261381761444,22.277718361179794
STP,21.764717729576237,4.26418280646637,18.820486774827643,45.095768108454074,10.054844580675674
SUR,5.329419595506889,0.0,17.673707061558787,55.45751846886802,21.539354874066316
SVK,16.56108089326174,0.791771056218891,15.661461190330437,38.45907653307898,28.526610327109942
SVN,12.13743737391037,0.3647684449661817,11.772362227787724,40.522978079902586,35.20245387343314
SWE,19.496460466528728,0.8169951853512424,17.655083365731233,38.520827885333105,23.51063309705569
SWZ,4.362304003893154,1.9764159433094615,22.765767720074912,42.636161164824124,28.259351167898355
SYC,11.387049035854627,4.096984411358077,19.681483136816492,41.10087564882226,23.73360776714854
SYR,12.35342921929138,2.1366377880286036,26.364440347133822,39.60719884809504,19.538293797451157
TCA,0.0,0.0,0.0,66.82773798052244,33.17226201947756
TCD,8.524319007727177,2.6521809101987377,19.417791157920853,44.44181972895297,24.963889195200256
TGO,12.18066972337502,2.3788801066982805,17.03947836641757,47.29111628002928,21.109855523479855
THA,9.523128011269451,5.65328525280002,21.4809209941204,41.829730155522185,21.51293558628795
TJK,9.747417267293713,1.111396397452798,21.0708031753218,40.06516163994702,28.005221519984662
TKL,100.0,0.0,0.0,0.0,0.0
TKM,7.143969776605891,0.5623909844453491,9.682323840717915,25.548075995116015,57.06323940311484
TLS,3.980968975481664,0.3788711146861753,34.517944573668984,38.681906020108975,22.44030931605419
TON,5.369920223772305,0.0,18.325804126392075,44.59375006850542,31.71052558133019
TTO,10.058871968718814,1.2190492352603954,21.822546030445473,45.76871570142778,21.130817064147546
TUN,4.893902198690824,0.42914253801522795,17.45936604921062,55.38232620321498,21.83526301086834
TUR,7.591403547889669,1.0955784512751914,18.314704264014715,42.9648208435719,30.033492893248525
TUV,0.0,0.0,6.95472657750982,28.317696806225808,64.72757661626437
TWN,10.317068190959779,0.1799516445820396,9.18586021635656,49.18817614260741,31.12894380549422
TZA,11.122818476092146,3.755949328802176,19.716308124255953,43.83336561270597,21.571558458143762
UGA,8.688301361540605,1.4890592405303886,16.472329099484213,38.45104979143513,34.89926050700966
UKR,18.489959377600492,1.9494726108010225,14.284899835995999,39.276881753052585,25.99878642254992
URY,17.290357924114534,0.32441115532494674,10.182215470998338,49.435864692710545,22.767150756851624
USA,9.060644206821017,0.542087691801799,20.924329109294117,43.957937052901336,25.51500193918173
UZB,11.808847884927635,0.5535390040040462,17.278149908507913,43.5239781031012,26.835485099459206
VAT,16.955135747087112,14.374296201769418,29.487192603629758,15.040846227254697,24.142529220259025
VCT,6.529779575963953,0.0,11.924068838428154,57.37706995725256,24.16908162835533
VEN,11.204544624719162,1.2928674460131537,18.53573760922985,43.580680369249805,25.386169950788034
VNM,8.379797187205664,0.15040481966027636,22.892097205001154,45.69381720379088,22.883883584342037
VUT,8.12859606368217,0.3162863542732375,17.168558580465387,47.470490866194275,26.91606813538494
WSM,8.119355938676682,0.0,28.42397565030384,50.302584699542486,13.154083711477
YEM,15.747086236121419,2.8620789601775645,26.62685694552244,37.296693140790104,17.467284717388473
ZAF,11.183103434352294,1.1043759692562085,22.901903549983253,43.1142220347608,21.69639501164744
ZMB,11.828211497943153,5.196585285859365,20.079329876662893,44.14984420541297,18.746029134121613
ZWE,10.579989013265251,2.1499926715040285,22.365555404600734,42.947948497949405,21.956514412680576
